0	2.5e+07
0.621242	2.50026e+07
1.24248	2.50052e+07
1.86373	2.50078e+07
2.48497	2.50104e+07
3.10621	2.5013e+07
3.72745	2.50156e+07
4.3487	2.50181e+07
4.96994	2.50207e+07
5.59118	2.50233e+07
6.21242	2.50259e+07
6.83367	2.50285e+07
7.45491	2.50311e+07
8.07615	2.50337e+07
8.69739	2.50363e+07
9.31864	2.50389e+07
9.93988	2.50415e+07
10.5611	2.50441e+07
11.1824	2.50467e+07
11.8036	2.50492e+07
12.4248	2.50521e+07
13.0461	2.50552e+07
13.6673	2.50583e+07
14.2886	2.50614e+07
14.9098	2.50644e+07
15.5311	2.50675e+07
16.1523	2.50706e+07
16.7735	2.50737e+07
17.3948	2.50768e+07
18.016	2.50799e+07
18.6373	2.5083e+07
19.2585	2.5086e+07
19.8798	2.50891e+07
20.501	2.50922e+07
21.1222	2.50953e+07
21.7435	2.50984e+07
22.3647	2.51015e+07
22.986	2.51046e+07
23.6072	2.51079e+07
24.2285	2.51118e+07
24.8497	2.51159e+07
25.4709	2.51199e+07
26.0922	2.51239e+07
26.7134	2.5128e+07
27.3347	2.5132e+07
27.9559	2.51361e+07
28.5772	2.51401e+07
29.1984	2.51442e+07
29.8196	2.51482e+07
30.4409	2.51523e+07
31.0621	2.51563e+07
31.6834	2.51603e+07
32.3046	2.51644e+07
32.9259	2.51684e+07
33.5471	2.51725e+07
34.1683	2.5177e+07
34.7896	2.51823e+07
35.4108	2.51877e+07
36.0321	2.5193e+07
36.6533	2.51983e+07
37.2745	2.52037e+07
37.8958	2.5209e+07
38.517	2.52144e+07
39.1383	2.52197e+07
39.7595	2.52251e+07
40.3808	2.52304e+07
41.002	2.52358e+07
41.6232	2.52411e+07
42.2445	2.52465e+07
42.8657	2.52518e+07
43.487	2.52572e+07
44.1082	2.52632e+07
44.7295	2.52704e+07
45.3507	2.52776e+07
45.9719	2.52847e+07
46.5932	2.52919e+07
47.2144	2.5299e+07
47.8357	2.53062e+07
48.4569	2.53134e+07
49.0782	2.53205e+07
49.6994	2.53277e+07
50.3206	2.53349e+07
50.9419	2.5342e+07
51.5631	2.53492e+07
52.1844	2.53563e+07
52.8056	2.53635e+07
53.4269	2.53718e+07
54.0481	2.53813e+07
54.6693	2.53907e+07
55.2906	2.54001e+07
55.9118	2.54095e+07
56.5331	2.54189e+07
57.1543	2.54283e+07
57.7756	2.54377e+07
58.3968	2.54471e+07
59.018	2.54565e+07
59.6393	2.54659e+07
60.2605	2.54753e+07
60.8818	2.54847e+07
61.503	2.54941e+07
62.1242	2.55035e+07
62.7455	2.55133e+07
63.3667	2.55247e+07
63.988	2.55362e+07
64.6092	2.55476e+07
65.2305	2.5559e+07
65.8517	2.55705e+07
66.4729	2.55819e+07
67.0942	2.55933e+07
67.7154	2.56048e+07
68.3367	2.56162e+07
68.9579	2.56276e+07
69.5792	2.56399e+07
70.2004	2.5653e+07
70.8216	2.56673e+07
71.4429	2.56816e+07
72.0641	2.56958e+07
72.6854	2.57099e+07
73.3066	2.57241e+07
73.9279	2.57382e+07
74.5491	2.57524e+07
75.1703	2.57665e+07
75.7916	2.57807e+07
76.4128	2.57948e+07
77.0341	2.5809e+07
77.6553	2.58247e+07
78.2766	2.58417e+07
78.8978	2.58586e+07
79.519	2.58756e+07
80.1403	2.58925e+07
80.7615	2.59095e+07
81.3828	2.59265e+07
82.004	2.59434e+07
82.6253	2.59604e+07
83.2465	2.59774e+07
83.8677	2.59943e+07
84.489	2.60119e+07
85.1102	2.60314e+07
85.7315	2.6051e+07
86.3527	2.60705e+07
86.9739	2.609e+07
87.5952	2.61096e+07
88.2164	2.61291e+07
88.8377	2.61486e+07
89.4589	2.61682e+07
90.0802	2.61877e+07
90.7014	2.62073e+07
91.3226	2.62289e+07
91.9439	2.62516e+07
92.5651	2.62743e+07
93.1864	2.6297e+07
93.8076	2.63197e+07
94.4289	2.63424e+07
95.0501	2.63651e+07
95.6713	2.63878e+07
96.2926	2.64105e+07
96.9138	2.64332e+07
97.5351	2.64581e+07
98.1563	2.64837e+07
98.7776	2.65094e+07
99.3988	2.65351e+07
100.02	2.65606e+07
100.641	2.6586e+07
101.263	2.66114e+07
101.884	2.66368e+07
102.505	2.66622e+07
103.126	2.66893e+07
103.747	2.67178e+07
104.369	2.67464e+07
104.99	2.67748e+07
105.611	2.68033e+07
106.232	2.68318e+07
106.854	2.68602e+07
107.475	2.68887e+07
108.096	2.69172e+07
108.717	2.69482e+07
109.339	2.69795e+07
109.96	2.70109e+07
110.581	2.70425e+07
111.202	2.70742e+07
111.824	2.71059e+07
112.445	2.71375e+07
113.066	2.71692e+07
113.687	2.72008e+07
114.309	2.72325e+07
114.93	2.72647e+07
115.551	2.72986e+07
116.172	2.73324e+07
116.794	2.73664e+07
117.415	2.74005e+07
118.036	2.74353e+07
118.657	2.74717e+07
119.279	2.75081e+07
119.9	2.75446e+07
120.521	2.75807e+07
121.142	2.76168e+07
121.764	2.7653e+07
122.385	2.76897e+07
123.006	2.7728e+07
123.627	2.77664e+07
124.248	2.78047e+07
124.87	2.78429e+07
125.491	2.78811e+07
126.112	2.79193e+07
126.733	2.7959e+07
127.355	2.79995e+07
127.976	2.804e+07
128.597	2.80805e+07
129.218	2.8121e+07
129.84	2.81615e+07
130.461	2.82027e+07
131.082	2.82446e+07
131.703	2.82865e+07
132.325	2.83284e+07
132.946	2.83702e+07
133.567	2.84121e+07
134.188	2.84553e+07
134.81	2.84988e+07
135.431	2.85422e+07
136.052	2.85857e+07
136.673	2.86292e+07
137.295	2.86732e+07
137.916	2.87178e+07
138.537	2.87624e+07
139.158	2.88074e+07
139.78	2.88524e+07
140.401	2.88974e+07
141.022	2.89426e+07
141.643	2.89884e+07
142.265	2.90343e+07
142.886	2.90802e+07
143.507	2.91265e+07
144.128	2.91729e+07
144.749	2.92193e+07
145.371	2.92657e+07
145.992	2.93123e+07
146.613	2.93593e+07
147.234	2.94063e+07
147.856	2.94533e+07
148.477	2.95004e+07
149.098	2.95478e+07
149.719	2.95952e+07
150.341	2.96425e+07
150.962	2.969e+07
151.583	2.97377e+07
152.204	2.97853e+07
152.826	2.98329e+07
153.447	2.98806e+07
154.068	2.99284e+07
154.689	2.99761e+07
155.311	2.99761e+07
155.932	2.99284e+07
156.553	2.98807e+07
157.174	2.98329e+07
157.796	2.97853e+07
158.417	2.97377e+07
159.038	2.96901e+07
159.659	2.96426e+07
160.281	2.95952e+07
160.902	2.95478e+07
161.523	2.95004e+07
162.144	2.94533e+07
162.766	2.94063e+07
163.387	2.93593e+07
164.008	2.93123e+07
164.629	2.92656e+07
165.251	2.92191e+07
165.872	2.91726e+07
166.493	2.91261e+07
167.114	2.90798e+07
167.735	2.90343e+07
168.357	2.89887e+07
168.978	2.89432e+07
169.599	2.88976e+07
170.22	2.88526e+07
170.842	2.8808e+07
171.463	2.87634e+07
172.084	2.87189e+07
172.705	2.86743e+07
173.327	2.86303e+07
173.948	2.85866e+07
174.569	2.8543e+07
175.19	2.84994e+07
175.812	2.84558e+07
176.433	2.84125e+07
177.054	2.83705e+07
177.675	2.83285e+07
178.297	2.82865e+07
178.918	2.82446e+07
179.539	2.82028e+07
180.16	2.81616e+07
180.782	2.81214e+07
181.403	2.80811e+07
182.024	2.80408e+07
182.645	2.80006e+07
183.267	2.79603e+07
183.888	2.79207e+07
184.509	2.78823e+07
185.13	2.7844e+07
185.752	2.78056e+07
186.373	2.77672e+07
186.994	2.77289e+07
187.615	2.76905e+07
188.236	2.76538e+07
188.858	2.76175e+07
189.479	2.75813e+07
190.1	2.75451e+07
190.721	2.75089e+07
191.343	2.74727e+07
191.964	2.74365e+07
192.585	2.74021e+07
193.206	2.73685e+07
193.828	2.73349e+07
194.449	2.73013e+07
195.07	2.72675e+07
195.691	2.72336e+07
196.313	2.71997e+07
196.934	2.71662e+07
197.555	2.71351e+07
198.176	2.71039e+07
198.798	2.70726e+07
199.419	2.70414e+07
200.04	2.70101e+07
200.661	2.69788e+07
201.283	2.69475e+07
201.904	2.69166e+07
202.525	2.68882e+07
203.146	2.68599e+07
203.768	2.68315e+07
204.389	2.68032e+07
205.01	2.67748e+07
205.631	2.67465e+07
206.253	2.67182e+07
206.874	2.66898e+07
207.495	2.66628e+07
208.116	2.66372e+07
208.737	2.66117e+07
209.359	2.65861e+07
209.98	2.65605e+07
210.601	2.6535e+07
211.222	2.65094e+07
211.844	2.64839e+07
212.465	2.64583e+07
213.086	2.64335e+07
213.707	2.6411e+07
214.329	2.63884e+07
214.95	2.63659e+07
215.571	2.63433e+07
216.192	2.63208e+07
216.814	2.6298e+07
217.435	2.62752e+07
218.056	2.62525e+07
218.677	2.62297e+07
219.299	2.6208e+07
219.92	2.61882e+07
220.541	2.61685e+07
221.162	2.61487e+07
221.784	2.61288e+07
222.405	2.6109e+07
223.026	2.60892e+07
223.647	2.60693e+07
224.269	2.60495e+07
224.89	2.60297e+07
225.511	2.60098e+07
226.132	2.59923e+07
226.754	2.59756e+07
227.375	2.59588e+07
227.996	2.5942e+07
228.617	2.59253e+07
229.238	2.59085e+07
229.86	2.58917e+07
230.481	2.5875e+07
231.102	2.58582e+07
231.723	2.58414e+07
232.345	2.58247e+07
232.966	2.58091e+07
233.587	2.57949e+07
234.208	2.57808e+07
234.83	2.57666e+07
235.451	2.57525e+07
236.072	2.57383e+07
236.693	2.57242e+07
237.315	2.571e+07
237.936	2.56959e+07
238.557	2.56817e+07
239.178	2.56676e+07
239.8	2.56534e+07
240.421	2.56401e+07
241.042	2.56287e+07
241.663	2.56174e+07
242.285	2.5606e+07
242.906	2.55947e+07
243.527	2.55833e+07
244.148	2.5572e+07
244.77	2.55605e+07
245.391	2.55489e+07
246.012	2.55373e+07
246.633	2.55257e+07
247.255	2.55142e+07
247.876	2.55028e+07
248.497	2.54926e+07
249.118	2.54826e+07
249.739	2.54732e+07
250.361	2.54638e+07
250.982	2.54544e+07
251.603	2.5445e+07
252.224	2.54356e+07
252.846	2.54262e+07
253.467	2.54169e+07
254.088	2.54075e+07
254.709	2.53981e+07
255.331	2.53887e+07
255.952	2.53795e+07
256.573	2.53712e+07
257.194	2.5363e+07
257.816	2.5355e+07
258.437	2.53479e+07
259.058	2.53409e+07
259.679	2.53339e+07
260.301	2.53269e+07
260.922	2.53199e+07
261.543	2.53129e+07
262.164	2.53058e+07
262.786	2.52988e+07
263.407	2.52918e+07
264.028	2.52848e+07
264.649	2.52778e+07
265.271	2.52707e+07
265.892	2.52637e+07
266.513	2.52577e+07
267.134	2.52524e+07
267.756	2.5247e+07
268.377	2.52417e+07
268.998	2.52363e+07
269.619	2.5231e+07
270.24	2.52256e+07
270.862	2.52203e+07
271.483	2.52149e+07
272.104	2.52096e+07
272.725	2.52042e+07
273.347	2.51989e+07
273.968	2.51935e+07
274.589	2.51882e+07
275.21	2.51828e+07
275.832	2.51775e+07
276.453	2.5173e+07
277.074	2.51689e+07
277.695	2.51648e+07
278.317	2.51608e+07
278.938	2.51568e+07
279.559	2.51528e+07
280.18	2.51487e+07
280.802	2.51447e+07
281.423	2.51407e+07
282.044	2.51367e+07
282.665	2.51327e+07
283.287	2.51286e+07
283.908	2.51246e+07
284.529	2.51206e+07
285.15	2.51166e+07
285.772	2.51125e+07
286.393	2.51085e+07
287.014	2.51051e+07
287.635	2.5102e+07
288.257	2.50989e+07
288.878	2.50958e+07
289.499	2.50927e+07
290.12	2.50896e+07
290.741	2.50865e+07
291.363	2.50834e+07
291.984	2.50802e+07
292.605	2.50771e+07
293.226	2.5074e+07
293.848	2.50709e+07
294.469	2.50678e+07
295.09	2.50647e+07
295.711	2.50616e+07
296.333	2.50585e+07
296.954	2.50554e+07
297.575	2.50523e+07
298.196	2.50494e+07
298.818	2.50468e+07
299.439	2.50442e+07
300.06	2.50416e+07
300.681	2.5039e+07
301.303	2.50364e+07
301.924	2.50338e+07
302.545	2.50312e+07
303.166	2.50286e+07
303.788	2.5026e+07
304.409	2.50234e+07
305.03	2.50208e+07
305.651	2.50182e+07
306.273	2.50156e+07
306.894	2.5013e+07
307.515	2.50104e+07
308.136	2.50078e+07
308.758	2.50052e+07
309.379	2.50026e+07
310	2.5e+07
