0	3e+07
0.621242	2.99387e+07
1.24248	2.98775e+07
1.86373	2.98162e+07
2.48497	2.97549e+07
3.10621	2.96936e+07
3.72745	2.96324e+07
4.3487	2.95711e+07
4.96994	2.95098e+07
5.59118	2.94485e+07
6.21242	2.93873e+07
6.83367	2.9326e+07
7.45491	2.92647e+07
8.07615	2.92034e+07
8.69739	2.91422e+07
9.31864	2.90809e+07
9.93988	2.90196e+07
10.5611	2.89583e+07
11.1824	2.88971e+07
11.8036	2.88358e+07
12.4248	2.87774e+07
13.0461	2.87215e+07
13.6673	2.86656e+07
14.2886	2.86097e+07
14.9098	2.85538e+07
15.5311	2.84979e+07
16.1523	2.8442e+07
16.7735	2.83861e+07
17.3948	2.83302e+07
18.016	2.82743e+07
18.6373	2.82184e+07
19.2585	2.81625e+07
19.8798	2.81066e+07
20.501	2.80507e+07
21.1222	2.79948e+07
21.7435	2.79389e+07
22.3647	2.7883e+07
22.986	2.78271e+07
23.6072	2.77733e+07
24.2285	2.77251e+07
24.8497	2.76779e+07
25.4709	2.76306e+07
26.0922	2.75833e+07
26.7134	2.7536e+07
27.3347	2.74888e+07
27.9559	2.74415e+07
28.5772	2.73942e+07
29.1984	2.73469e+07
29.8196	2.72997e+07
30.4409	2.72524e+07
31.0621	2.72051e+07
31.6834	2.71578e+07
32.3046	2.71105e+07
32.9259	2.70633e+07
33.5471	2.7016e+07
34.1683	2.69724e+07
34.7896	2.69343e+07
35.4108	2.68964e+07
36.0321	2.68585e+07
36.6533	2.68206e+07
37.2745	2.67827e+07
37.8958	2.67448e+07
38.517	2.67069e+07
39.1383	2.66689e+07
39.7595	2.6631e+07
40.3808	2.65931e+07
41.002	2.65552e+07
41.6232	2.65173e+07
42.2445	2.64794e+07
42.8657	2.64415e+07
43.487	2.64036e+07
44.1082	2.63692e+07
44.7295	2.63404e+07
45.3507	2.63115e+07
45.9719	2.62827e+07
46.5932	2.62539e+07
47.2144	2.62251e+07
47.8357	2.61962e+07
48.4569	2.61674e+07
49.0782	2.61386e+07
49.6994	2.61098e+07
50.3206	2.6081e+07
50.9419	2.60521e+07
51.5631	2.60233e+07
52.1844	2.59945e+07
52.8056	2.59657e+07
53.4269	2.5941e+07
54.0481	2.59201e+07
54.6693	2.58992e+07
55.2906	2.58784e+07
55.9118	2.58575e+07
56.5331	2.58366e+07
57.1543	2.58157e+07
57.7756	2.57948e+07
58.3968	2.57739e+07
59.018	2.5753e+07
59.6393	2.57321e+07
60.2605	2.57112e+07
60.8818	2.56904e+07
61.503	2.56695e+07
62.1242	2.56486e+07
62.7455	2.56287e+07
63.3667	2.56126e+07
63.988	2.55965e+07
64.6092	2.55804e+07
65.2305	2.55644e+07
65.8517	2.55483e+07
66.4729	2.55322e+07
67.0942	2.55161e+07
67.7154	2.55e+07
68.3367	2.54839e+07
68.9579	2.54678e+07
69.5792	2.54534e+07
70.2004	2.54405e+07
70.8216	2.54293e+07
71.4429	2.54181e+07
72.0641	2.54068e+07
72.6854	2.53954e+07
73.3066	2.5384e+07
73.9279	2.53727e+07
74.5491	2.53613e+07
75.1703	2.53499e+07
75.7916	2.53386e+07
76.4128	2.53272e+07
77.0341	2.53159e+07
77.6553	2.53062e+07
78.2766	2.52978e+07
78.8978	2.52895e+07
79.519	2.52811e+07
80.1403	2.52727e+07
80.7615	2.52644e+07
81.3828	2.5256e+07
82.004	2.52477e+07
82.6253	2.52393e+07
83.2465	2.5231e+07
83.8677	2.52226e+07
84.489	2.52148e+07
85.1102	2.52087e+07
85.7315	2.52026e+07
86.3527	2.51966e+07
86.9739	2.51905e+07
87.5952	2.51844e+07
88.2164	2.51783e+07
88.8377	2.51723e+07
89.4589	2.51662e+07
90.0802	2.51601e+07
90.7014	2.5154e+07
91.3226	2.5149e+07
91.9439	2.51446e+07
92.5651	2.51401e+07
93.1864	2.51357e+07
93.8076	2.51312e+07
94.4289	2.51268e+07
95.0501	2.51223e+07
95.6713	2.51179e+07
96.2926	2.51136e+07
96.9138	2.51092e+07
97.5351	2.51057e+07
98.1563	2.51025e+07
98.7776	2.50992e+07
99.3988	2.50959e+07
100.02	2.50927e+07
100.641	2.50894e+07
101.263	2.50862e+07
101.884	2.50829e+07
102.505	2.50797e+07
103.126	2.50769e+07
103.747	2.50745e+07
104.369	2.50721e+07
104.99	2.50697e+07
105.611	2.50673e+07
106.232	2.50649e+07
106.854	2.50625e+07
107.475	2.50601e+07
108.096	2.50577e+07
108.717	2.50558e+07
109.339	2.5054e+07
109.96	2.50522e+07
110.581	2.50505e+07
111.202	2.50487e+07
111.824	2.5047e+07
112.445	2.50453e+07
113.066	2.50435e+07
113.687	2.50418e+07
114.309	2.50401e+07
114.93	2.50384e+07
115.551	2.5037e+07
116.172	2.50356e+07
116.794	2.50342e+07
117.415	2.5033e+07
118.036	2.50317e+07
118.657	2.50307e+07
119.279	2.50296e+07
119.9	2.50285e+07
120.521	2.50275e+07
121.142	2.50264e+07
121.764	2.50253e+07
122.385	2.50243e+07
123.006	2.50235e+07
123.627	2.50227e+07
124.248	2.50218e+07
124.87	2.5021e+07
125.491	2.50202e+07
126.112	2.50193e+07
126.733	2.50186e+07
127.355	2.50179e+07
127.976	2.50173e+07
128.597	2.50166e+07
129.218	2.5016e+07
129.84	2.50153e+07
130.461	2.50147e+07
131.082	2.50142e+07
131.703	2.50137e+07
132.325	2.50131e+07
132.946	2.50126e+07
133.567	2.50121e+07
134.188	2.50116e+07
134.81	2.50112e+07
135.431	2.50108e+07
136.052	2.50103e+07
136.673	2.50099e+07
137.295	2.50095e+07
137.916	2.50091e+07
138.537	2.50088e+07
139.158	2.50084e+07
139.78	2.50081e+07
140.401	2.50078e+07
141.022	2.50075e+07
141.643	2.50072e+07
142.265	2.50069e+07
142.886	2.50066e+07
143.507	2.50064e+07
144.128	2.50061e+07
144.749	2.50059e+07
145.371	2.50056e+07
145.992	2.50054e+07
146.613	2.50052e+07
147.234	2.5005e+07
147.856	2.50048e+07
148.477	2.50046e+07
149.098	2.50044e+07
149.719	2.50042e+07
150.341	2.50041e+07
150.962	2.50039e+07
151.583	2.50037e+07
152.204	2.50036e+07
152.826	2.50034e+07
153.447	2.50033e+07
154.068	2.50032e+07
154.689	2.5003e+07
155.311	2.50029e+07
155.932	2.50028e+07
156.553	2.50027e+07
157.174	2.50026e+07
157.796	2.50025e+07
158.417	2.50024e+07
159.038	2.50023e+07
159.659	2.50022e+07
160.281	2.50021e+07
160.902	2.5002e+07
161.523	2.50019e+07
162.144	2.50018e+07
162.766	2.50018e+07
163.387	2.50017e+07
164.008	2.50016e+07
164.629	2.50015e+07
165.251	2.50015e+07
165.872	2.50014e+07
166.493	2.50014e+07
167.114	2.50013e+07
167.735	2.50012e+07
168.357	2.50012e+07
168.978	2.50011e+07
169.599	2.50011e+07
170.22	2.5001e+07
170.842	2.5001e+07
171.463	2.5001e+07
172.084	2.50009e+07
172.705	2.50009e+07
173.327	2.50008e+07
173.948	2.50008e+07
174.569	2.50008e+07
175.19	2.50007e+07
175.812	2.50007e+07
176.433	2.50007e+07
177.054	2.50007e+07
177.675	2.50006e+07
178.297	2.50006e+07
178.918	2.50006e+07
179.539	2.50005e+07
180.16	2.50005e+07
180.782	2.50005e+07
181.403	2.50005e+07
182.024	2.50005e+07
182.645	2.50004e+07
183.267	2.50004e+07
183.888	2.50004e+07
184.509	2.50004e+07
185.13	2.50004e+07
185.752	2.50004e+07
186.373	2.50003e+07
186.994	2.50003e+07
187.615	2.50003e+07
188.236	2.50003e+07
188.858	2.50003e+07
189.479	2.50003e+07
190.1	2.50003e+07
190.721	2.50002e+07
191.343	2.50002e+07
191.964	2.50002e+07
192.585	2.50002e+07
193.206	2.50002e+07
193.828	2.50002e+07
194.449	2.50002e+07
195.07	2.50002e+07
195.691	2.50002e+07
196.313	2.50002e+07
196.934	2.50002e+07
197.555	2.50001e+07
198.176	2.50001e+07
198.798	2.50001e+07
199.419	2.50001e+07
200.04	2.50001e+07
200.661	2.50001e+07
201.283	2.50001e+07
201.904	2.50001e+07
202.525	2.50001e+07
203.146	2.50001e+07
203.768	2.50001e+07
204.389	2.50001e+07
205.01	2.50001e+07
205.631	2.50001e+07
206.253	2.50001e+07
206.874	2.50001e+07
207.495	2.50001e+07
208.116	2.50001e+07
208.737	2.50001e+07
209.359	2.50001e+07
209.98	2.50001e+07
210.601	2.50001e+07
211.222	2.50001e+07
211.844	2.50001e+07
212.465	2.5e+07
213.086	2.5e+07
213.707	2.5e+07
214.329	2.5e+07
214.95	2.5e+07
215.571	2.5e+07
216.192	2.5e+07
216.814	2.5e+07
217.435	2.5e+07
218.056	2.5e+07
218.677	2.5e+07
219.299	2.5e+07
219.92	2.5e+07
220.541	2.5e+07
221.162	2.5e+07
221.784	2.5e+07
222.405	2.5e+07
223.026	2.5e+07
223.647	2.5e+07
224.269	2.5e+07
224.89	2.5e+07
225.511	2.5e+07
226.132	2.5e+07
226.754	2.5e+07
227.375	2.5e+07
227.996	2.5e+07
228.617	2.5e+07
229.238	2.5e+07
229.86	2.5e+07
230.481	2.5e+07
231.102	2.5e+07
231.723	2.5e+07
232.345	2.5e+07
232.966	2.5e+07
233.587	2.5e+07
234.208	2.5e+07
234.83	2.5e+07
235.451	2.5e+07
236.072	2.5e+07
236.693	2.5e+07
237.315	2.5e+07
237.936	2.5e+07
238.557	2.5e+07
239.178	2.5e+07
239.8	2.5e+07
240.421	2.5e+07
241.042	2.5e+07
241.663	2.5e+07
242.285	2.5e+07
242.906	2.5e+07
243.527	2.5e+07
244.148	2.5e+07
244.77	2.5e+07
245.391	2.5e+07
246.012	2.5e+07
246.633	2.5e+07
247.255	2.5e+07
247.876	2.5e+07
248.497	2.5e+07
249.118	2.5e+07
249.739	2.5e+07
250.361	2.5e+07
250.982	2.5e+07
251.603	2.5e+07
252.224	2.5e+07
252.846	2.5e+07
253.467	2.5e+07
254.088	2.5e+07
254.709	2.5e+07
255.331	2.5e+07
255.952	2.5e+07
256.573	2.5e+07
257.194	2.5e+07
257.816	2.5e+07
258.437	2.5e+07
259.058	2.5e+07
259.679	2.5e+07
260.301	2.5e+07
260.922	2.5e+07
261.543	2.5e+07
262.164	2.5e+07
262.786	2.5e+07
263.407	2.5e+07
264.028	2.5e+07
264.649	2.5e+07
265.271	2.5e+07
265.892	2.5e+07
266.513	2.5e+07
267.134	2.5e+07
267.756	2.5e+07
268.377	2.5e+07
268.998	2.5e+07
269.619	2.5e+07
270.24	2.5e+07
270.862	2.5e+07
271.483	2.5e+07
272.104	2.5e+07
272.725	2.5e+07
273.347	2.5e+07
273.968	2.5e+07
274.589	2.5e+07
275.21	2.5e+07
275.832	2.5e+07
276.453	2.5e+07
277.074	2.5e+07
277.695	2.5e+07
278.317	2.5e+07
278.938	2.5e+07
279.559	2.5e+07
280.18	2.5e+07
280.802	2.5e+07
281.423	2.5e+07
282.044	2.5e+07
282.665	2.5e+07
283.287	2.5e+07
283.908	2.5e+07
284.529	2.5e+07
285.15	2.5e+07
285.772	2.5e+07
286.393	2.5e+07
287.014	2.5e+07
287.635	2.5e+07
288.257	2.5e+07
288.878	2.5e+07
289.499	2.5e+07
290.12	2.5e+07
290.741	2.5e+07
291.363	2.5e+07
291.984	2.5e+07
292.605	2.5e+07
293.226	2.5e+07
293.848	2.5e+07
294.469	2.5e+07
295.09	2.5e+07
295.711	2.5e+07
296.333	2.5e+07
296.954	2.5e+07
297.575	2.5e+07
298.196	2.5e+07
298.818	2.5e+07
299.439	2.5e+07
300.06	2.5e+07
300.681	2.5e+07
301.303	2.5e+07
301.924	2.5e+07
302.545	2.5e+07
303.166	2.5e+07
303.788	2.5e+07
304.409	2.5e+07
305.03	2.5e+07
305.651	2.5e+07
306.273	2.5e+07
306.894	2.5e+07
307.515	2.5e+07
308.136	2.5e+07
308.758	2.5e+07
309.379	2.5e+07
310	2.5e+07
